1. Current Process ID: 2913
2. Current User ID: 1000
3. Current Data and Time: 2018-2-2 16:37:7
4. Output of my System Call:
unsorted: 
383	886	777	915	793	335	386	492	649	421	362	27	690	59	763	926	540	426	172	736	211	368	567	429	782	530	862	123	67	135	929	802	22	58	69	167	393	456	11	42	229	373	421	919	784	537	198	324	315	370	413	526	91	980	956	873	862	170	996	281	305	925	84	327	336	505	846	729	313	857	124	895	582	545	814	367	434	364	43	750	87	808	276	178	788	584	403	651	754	399	932	60	676	368	739	12	226	586	94	539	795	570	434	378	467	601	97	902	317	492	652	756	301	280	286	441	865	689	444	619	440	729	31	117	97	771	481	675	709	927	567	856	497	353	586	965	306	683	219	624	528	871	732	829	503	19	270	368	708	715	340	149	796	723	618	245	846	451	921	555	379	488	764	228	841	350	193	500	34	764	124	914	987	856	743	491	227	365	859	936	432	551	437	228	275	407	474	121	858	395	29	237	235	793	818	428	143	11	928	529	776	404	443	763	613	538	606	840	904	818	128	688	369	917	917	996	324	743	470	183	490	499	772	725	644	590	505	139	954	786	669	82	542	464	197	507	355	804	348	611	622	828	299	343	746	568	340	422	311	810	605	801	661	730	878	305	
Syscall: return value: 0

sorted: 
 996	996	987	980	965	956	954	936	932	929	928	927	926	925	921	919	917	917	915	914	904	902	895	886	878	873	871	865	862	862	859	858	857	856	856	846	846	841	840	829	828	818	818	814	810	808	804	802	801	796	795	793	793	788	786	784	782	777	776	772	771	764	764	763	763	756	754	750	746	743	743	739	736	732	730	729	729	725	723	715	709	708	690	689	688	683	676	675	669	661	652	651	649	644	624	622	619	618	613	611	606	605	601	590	586	586	584	582	570	568	567	567	555	551	545	542	540	539	538	537	530	529	528	526	507	505	505	503	500	499	497	492	492	491	490	488	481	474	470	467	464	456	451	444	443	441	440	437	434	434	432	429	428	426	422	421	421	413	407	404	403	399	395	393	386	383	379	378	373	370	369	368	368	368	367	365	364	362	355	353	350	348	343	340	340	336	335	327	324	324	317	315	313	311	306	305	305	301	299	286	281	280	276	275	270	245	237	235	229	228	228	227	226	219	211	198	197	193	183	178	172	170	167	149	143	139	135	128	124	124	123	121	117	97	97	94	91	87	84	82	69	67	60	59	58	43	42	34	31	29	27	22	19	12	11	11	
sys call took 0.000110 seconds to execute

System Call fail. Return Value: 1
1. Current Process ID: 1777
2. Current User ID: 1000
3. Current date and time: 2018-2-4 17:2:45
4. Output of the System Call:
unsorted: 
383	886	777	915	793	335	386	492	649	421	362	27	690	59	763	926	540	426	172	736	211	368	567	429	782	530	862	123	67	135	929	802	22	58	69	167	393	456	11	42	229	373	421	919	784	537	198	324	315	370	413	526	91	980	956	873	862	170	996	281	305	925	84	327	336	505	846	729	313	857	124	895	582	545	814	367	434	364	43	750	87	808	276	178	788	584	403	651	754	399	932	60	676	368	739	12	226	586	94	539	795	570	434	378	467	601	97	902	317	492	652	756	301	280	286	441	865	689	444	619	440	729	31	117	97	771	481	675	709	927	567	856	497	353	586	965	306	683	219	624	528	871	732	829	503	19	270	368	708	715	340	149	796	723	618	245	846	451	921	555	379	488	764	228	841	350	193	500	34	764	124	914	987	856	743	491	227	365	859	936	432	551	437	228	275	407	474	121	858	395	29	237	235	793	818	428	143	11	928	529	776	404	443	763	613	538	606	840	904	818	128	688	369	917	917	996	324	743	470	183	490	499	772	725	644	590	505	139	954	786	669	82	542	464	197	507	355	804	348	611	622	828	299	343	746	568	340	422	311	810	605	801	661	730	878	305	
Syscall: return value: -1

sorted: 
 1083564424	32509	1083564424	32509	19550960	0	19550960	0	5826811	-1	274192636	-1	3852541	-1	272218366	-1	1878271	0	270243840	0	16680705	0	285046530	0	-2145750781	0	-1877384956	0	-2130948091	0	-1862582266	0	-2132922361	0	-1875538681	0	-2134896631	0	280079625	0	-2136805366	0	-1868439541	0	12572940	0	-1870413811	0	10598670	0	278964495	0	8624400	0	276990225	0	6650130	0	275015955	0	4675860	0	273041685	0	2701590	0	271067415	0	-2142952936	0	269093145	0	-2144927206	0	-1876495846	0	-2146835941	0	-1878470116	0	-2132033251	0	-1863667426	0	-2134007521	0	270366240	0	-2135981791	0	285168930	0	13396515	0	283194660	0	11422245	0	281220390	0	9447975	0	-1864368601	0	7473705	0	-1866342871	0	5564970	0	-1868317141	0	-2140089556	0	-1870291411	0	-2142063826	0	-1872265681	0	-2144038096	0	277112625	0	-2146012366	0	275138355	0	-2131209676	0	273164085	0	-2133183946	0	271189815	0	16194360	0	269281080	0	14285625	0	284083770	0	12311355	0	-1878347716	0	10337085	0	-1863545026	0	8362815	0	-1865519296	0	-2137291711	0	-1867493566	0	-2139265981	0	-1869467836	0	-2141240251	0	281408325	0	8138055	0	279434055	0	6163785	0	277459785	0	4255050	0	-1868194741	0	-2141399476	0	-1870169011	0	-2143373746	0	-1872143281	0	-2145348016	0	-1874117551	0	-2147322286	0	-1876091821	0	-2132519596	0	-1878000556	0	-2134493866	0	271377750	0	14884440	0	269403480	0	12975705	0	284206170	0	11001435	0	282231900	0	9027165	0	280257630	0	7052895	0	-1865396896	0	-2138601631	0	-1867371166	0	-2140575901	0	-1869345436	0	-2142550171	0	-1871254171	0	-2144524441	0	-1873228441	0	-2146498711	0	-1875202711	0	-2131630486	0	274175595	0	970860	0	272201325	0	15773550	0	270227055	0	
sys call took 0.000002 seconds to execute





System Call fail. Return Value: -1
1. Current Process ID: 2015
2. Current User ID: 1000
3. Current date and time: 2018-2-4 17:32:33
4. Output of the System Call:
unsorted: 
383	886	777	915	793	335	386	492	649	421	362	27	690	59	763	926	540	426	172	736	211	368	567	429	782	530	862	123	67	135	929	802	22	58	69	167	393	456	11	42	229	373	421	919	784	537	198	324	315	370	413	526	91	980	956	873	862	170	996	281	305	925	84	327	336	505	846	729	313	857	124	895	582	545	814	367	434	364	43	750	87	808	276	178	788	584	403	651	754	399	932	60	676	368	739	12	226	586	94	539	795	570	434	378	467	601	97	902	317	492	652	756	301	280	286	441	865	689	444	619	440	729	31	117	97	771	481	675	709	927	567	856	497	353	586	965	306	683	219	624	528	871	732	829	503	19	270	368	708	715	340	149	796	723	618	245	846	451	921	555	379	488	764	228	841	350	193	500	34	764	124	914	987	856	743	491	227	365	859	936	432	551	437	228	275	407	474	121	858	395	29	237	235	793	818	428	143	11	928	529	776	404	443	763	613	538	606	840	904	818	128	688	369	917	917	996	324	743	470	183	490	499	772	725	644	590	505	139	954	786	669	82	542	464	197	507	355	804	348	611	622	828	299	343	746	568	340	422	311	810	605	801	661	730	878	305	
Syscall: return value: -1

sorted: 
 -1093602936	32631	-1093602936	32631	37065456	0	37065456	0	5826811	-1	274192636	-1	3852541	-1	272218366	-1	1878271	0	270243840	0	16680705	0	285046530	0	-2145750781	0	-1877384956	0	-2130948091	0	-1862582266	0	-2132922361	0	-1875538681	0	-2134896631	0	280079625	0	-2136805366	0	-1868439541	0	12572940	0	-1870413811	0	10598670	0	278964495	0	8624400	0	276990225	0	6650130	0	275015955	0	4675860	0	273041685	0	2701590	0	271067415	0	-2142952936	0	269093145	0	-2144927206	0	-1876495846	0	-2146835941	0	-1878470116	0	-2132033251	0	-1863667426	0	-2134007521	0	270366240	0	-2135981791	0	285168930	0	13396515	0	283194660	0	11422245	0	281220390	0	9447975	0	-1864368601	0	7473705	0	-1866342871	0	5564970	0	-1868317141	0	-2140089556	0	-1870291411	0	-2142063826	0	-1872265681	0	-2144038096	0	277112625	0	-2146012366	0	275138355	0	-2131209676	0	273164085	0	-2133183946	0	271189815	0	16194360	0	269281080	0	14285625	0	284083770	0	12311355	0	-1878347716	0	10337085	0	-1863545026	0	8362815	0	-1865519296	0	-2137291711	0	-1867493566	0	-2139265981	0	-1869467836	0	-2141240251	0	281408325	0	8138055	0	279434055	0	6163785	0	277459785	0	4255050	0	-1868194741	0	-2141399476	0	-1870169011	0	-2143373746	0	-1872143281	0	-2145348016	0	-1874117551	0	-2147322286	0	-1876091821	0	-2132519596	0	-1878000556	0	-2134493866	0	271377750	0	14884440	0	269403480	0	12975705	0	284206170	0	11001435	0	282231900	0	9027165	0	280257630	0	7052895	0	-1865396896	0	-2138601631	0	-1867371166	0	-2140575901	0	-1869345436	0	-2142550171	0	-1871254171	0	-2144524441	0	-1873228441	0	-2146498711	0	-1875202711	0	-2131630486	0	274175595	0	970860	0	272201325	0	15773550	0	270227055	0	
sys call took 0.000003 seconds to execute





System Call fail. Return Value: -1
