unsorted: 
383	886	777	915	793	335	386	492	649	421	362	27	690	59	763	926	540	426	172	736	211	368	567	429	782	530	862	123	67	135	929	802	22	58	69	167	393	456	11	42	229	373	421	919	784	537	198	324	315	370	413	526	91	980	956	873	862	170	996	281	305	925	84	327	336	505	846	729	313	857	124	895	582	545	814	367	434	364	43	750	87	808	276	178	788	584	403	651	754	399	932	60	676	368	739	12	226	586	94	539	795	570	434	378	467	601	97	902	317	492	652	756	301	280	286	441	865	689	444	619	440	729	31	117	97	771	481	675	709	927	567	856	497	353	586	965	306	683	219	624	528	871	732	829	503	19	270	368	708	715	340	149	796	723	618	245	846	451	921	555	379	488	764	228	841	350	193	500	34	764	124	914	987	856	743	491	227	365	859	936	432	551	437	228	275	407	474	121	858	395	29	237	235	793	818	428	143	11	928	529	776	404	443	763	613	538	606	840	904	818	128	688	369	917	917	996	324	743	470	183	490	499	772	725	644	590	505	139	954	786	669	82	542	464	197	507	355	804	348	611	622	828	299	343	746	568	340	422	311	810	605	801	661	730	878	305	
Syscall: return value: 0

sorted: 
 996	996	987	980	965	956	954	936	932	929	928	927	926	925	921	919	917	917	915	914	904	902	895	886	878	873	871	865	862	862	859	858	857	856	856	846	846	841	840	829	828	818	818	814	810	808	804	802	801	796	795	793	793	788	786	784	782	777	776	772	771	764	764	763	763	756	754	750	746	743	743	739	736	732	730	729	729	725	723	715	709	708	690	689	688	683	676	675	669	661	652	651	649	644	624	622	619	618	613	611	606	605	601	590	586	586	584	582	570	568	567	567	555	551	545	542	540	539	538	537	530	529	528	526	507	505	505	503	500	499	497	492	492	491	490	488	481	474	470	467	464	456	451	444	443	441	440	437	434	434	432	429	428	426	422	421	421	413	407	404	403	399	395	393	386	383	379	378	373	370	369	368	368	368	367	365	364	362	355	353	350	348	343	340	340	336	335	327	324	324	317	315	313	311	306	305	305	301	299	286	281	280	276	275	270	245	237	235	229	228	228	227	226	219	211	198	197	193	183	178	172	170	167	149	143	139	135	128	124	124	123	121	117	97	97	94	91	87	84	82	69	67	60	59	58	43	42	34	31	29	27	22	19	12	11	11	
sys call took 0.000126 seconds to execute




unsorted: 
320	736	444	626	522	465	708	416	282	258	924	637	62	624	600	36	452	899	379	550	468	71	973	131	881	930	933	894	660	163	199	981	899	996	959	773	813	668	190	95	926	466	84	340	90	684	376	542	936	107	445	756	179	418	887	412	348	172	659	9	336	210	342	587	206	301	713	372	321	255	819	599	721	904	939	811	940	667	705	228	127	150	984	658	920	224	422	269	396	81	630	84	292	972	672	850	625	385	222	299	640	42	898	713	298	190	524	590	209	581	819	336	732	155	994	4	379	769	273	776	850	255	860	142	579	884	993	205	621	567	504	613	961	754	326	259	944	202	202	506	784	21	842	868	528	189	872	908	958	498	36	808	753	248	303	333	133	648	890	754	567	746	368	529	500	46	788	797	249	990	303	33	363	497	253	892	686	125	152	996	975	188	157	729	436	460	414	921	460	304	28	27	50	748	556	902	794	697	699	43	39	2	428	403	500	681	647	538	159	151	535	134	339	692	215	127	504	629	49	964	285	429	343	335	177	900	238	971	949	289	367	988	292	795	743	144	829	390	682	340	541	569	826	232	261	42	360	117	23	761	81	309	190	425	996	367	
Syscall: return value: 0

sorted: 
 996	996	996	994	993	990	988	984	981	975	973	972	971	964	961	959	958	949	944	940	939	936	933	930	926	924	921	920	908	904	902	900	899	899	898	894	892	890	887	884	881	872	868	860	850	850	842	829	826	819	819	813	811	808	797	795	794	788	784	776	773	769	761	756	754	754	753	748	746	743	736	732	729	721	713	713	708	705	699	697	692	686	684	682	681	672	668	667	660	659	658	648	647	640	637	630	629	626	625	624	621	613	600	599	590	587	581	579	569	567	567	556	550	542	541	538	535	529	528	524	522	506	504	504	500	500	498	497	468	466	465	460	460	452	445	444	436	429	428	425	422	418	416	414	412	403	396	390	385	379	379	376	372	368	367	367	363	360	348	343	342	340	340	339	336	336	335	333	326	321	320	309	304	303	303	301	299	298	292	292	289	285	282	273	269	261	259	258	255	255	253	249	248	238	232	228	224	222	215	210	209	206	205	202	202	199	190	190	190	189	188	179	177	172	163	159	157	155	152	151	150	144	142	134	133	131	127	127	125	117	107	95	90	84	84	81	81	71	62	50	49	46	43	42	42	39	36	36	33	28	27	23	21	9	4	2	
sys call took 0.000123 seconds to execute




unsorted: 
677	234	690	626	524	57	614	168	205	358	312	386	100	346	726	994	916	552	578	529	946	290	647	970	51	80	631	593	857	627	312	886	214	355	512	90	412	479	610	969	189	274	355	641	620	433	987	888	338	566	770	284	856	417	606	260	849	237	205	59	217	518	945	783	873	458	873	637	289	483	607	478	757	314	471	729	100	459	618	438	25	388	74	233	157	681	493	358	270	699	417	839	569	363	622	794	173	847	431	462	682	390	292	791	57	115	521	157	574	491	947	951	231	21	537	740	54	30	98	325	81	516	516	2	231	139	796	404	338	580	218	21	970	862	812	379	977	685	536	904	176	483	207	759	857	744	499	911	127	950	236	560	818	105	563	49	244	711	805	934	291	375	955	614	589	768	993	918	805	882	822	982	717	30	93	574	126	593	486	253	543	74	814	713	179	377	762	775	88	919	710	732	294	17	346	235	137	691	153	943	573	328	925	291	710	18	217	836	963	55	90	858	130	904	571	661	633	685	789	73	604	851	805	250	868	503	485	6	195	639	949	120	967	226	763	677	596	981	865	560	36	955	770	518	211	342	532	196	379	321	270	984	172	427	234	40	
Syscall: return value: 0

sorted: 
 994	993	987	984	982	981	977	970	970	969	967	963	955	955	951	950	949	947	946	945	943	934	925	919	918	916	911	904	904	888	886	882	873	873	868	865	862	858	857	857	856	851	849	847	839	836	822	818	814	812	805	805	805	796	794	791	789	783	775	770	770	768	763	762	759	757	744	740	732	729	726	717	713	711	710	710	699	691	690	685	685	682	681	677	677	661	647	641	639	637	633	631	627	626	622	620	618	614	614	610	607	606	604	596	593	593	589	580	578	574	574	573	571	569	566	563	560	560	552	543	537	536	532	529	524	521	518	518	516	516	512	503	499	493	491	486	485	483	483	479	478	471	462	459	458	438	433	431	427	417	417	412	404	390	388	386	379	379	377	375	363	358	358	355	355	346	346	342	338	338	328	325	321	314	312	312	294	292	291	291	290	289	284	274	270	270	260	253	250	244	237	236	235	234	234	233	231	231	226	218	217	217	214	211	207	205	205	196	195	189	179	176	173	172	168	157	157	153	139	137	130	127	126	120	115	105	100	100	98	93	90	90	88	81	80	74	74	73	59	57	57	55	54	51	49	40	36	30	30	25	21	21	18	17	6	2	
sys call took 0.000118 seconds to execute





System Call fail. Return Value: 1
